DAV:   1    -1.050000E+01
DAV:   2    -1.052000E+01
  1 F= -.10520000E+01 E0= -.10518000E+01  d E =-.200000E-02
DAV:   1    -1.053000E+01
DAV:   2    -1.054321E+01
  2 F= -.10543210E+01 E0= -.10542000E+01  d E =-.232100E-03
